surface   2 2    1  2  1   -1  1  1    2 -1  2   -1 -1  1
surface   2 2    1  2  1    1  1 -1    2 -1  2    1 -1 -1
surface   2 2    1  1 -1   -1  1 -1    1 -1 -1   -.5 -.5 -.5
surface   2 2   -.5 -.5 -.5   -1  1 -1   -1 -1  1   -1  1  1
surface   2 2   -1  1  1    1  2  1   -1  1 -1    1  1 -1
surface   2 2   -1 -1  1    2 -1  2   -.5 -.5 -.5    1 -1 -1

curve     4      1  0  0    1  0  1.5   -1  0  1.5   -1  0  0
curve     4     -1  0  0   -1  0 -1.5    1  0 -1.5    1  0  0

curve     4      1 .5  0    1 .5  1   -1 .5  1   -1 .5  0
curve     4     -1 .5  0   -1 .5 -1    1 .5 -1    1 .5  0
curve     4      1 -.5  0    1 -.5  1   -1 -.5  1   -1 -.5  0
curve     4     -1 -.5  0   -1 -.5 -1    1 -.5 -1    1 -.5  0